0.0008887947257769708
-1.3971715575275341e-05
5.172740692078342e-07
128.74564344704072
-1.9678353749485058e-05
-0.0011366091514827179
0.00020739954638231768
94.05741662304166
-3.419390363781409e-18
-4.2794798853001273e-16
-6.756771278886516e-17
1.0
-629120.9643279968
-49274.346040337405
-13823.999090994062
-1501.279908356352
-26447.39181970356
-90085.53749128236
-12847.79229841974
-31307.29539028869
-80808.91387148015
-24555.36521843954
740.6683413269953
17159.51957630359
-24422.617534156347
-4422.181791939129
-27468.624561550103
20789.266416056973
-13381.611003981918
-1973.057717120481
-8138.797942770624
-147.33571681287503
-3072.733293252342
-15178.278963821886
-10094.055911731082
-23648.395157089413
4610.795518394014
-3682.797825625473
-2986.1147222196787
-3402.024395322003
-15810.274044457761
-625.3494871198393
-8063.2003052904
1434.757784580237
-3123.265473511575
5674.988411718976
-10352.612556536245
-5754.208486169707
6582.571401561789
7200.936929756414
-93.6417059481962
1850.7753018863393
-2164.6993755392136
2927.5879427796494
2535.8849112871985
2247.4833097206474
-566.3251111377631
-2163.721508818496
-366.93902255152915
-130.37327234695
468.27776391011105
-4152.598758700311
1486.4347533685539
2571.3093034726085
614.1280612800981
-2724.9012062329944
-49.527212000099354
-2060.6515098636705
-663.834634216813
73.00367012262802
537.7052681353312
47.2490891704653
129.5175291211978
-4565.208264271853
-2388.716417530335
1327.81915649671
840.4668454164499
-505.4965776384233
-2197.864660113622
-1228.9393520495764
-1321.6980985894893
2362.3703512308907
-1382.244084456875
-812.9128877263548
-716.0829728683196
390.27978997272123
-40.51897671045449
2.5401427628646953
-344.55557896286257
2048.928367664454
-868.1345810440752
-851.4356253461609
-1821.9198342004063
138.26481691600063
1059.9764089074715
-773.0724230690954
-517.566285924705
901.7431993382435
-728.2082405643362
387.5895482390155
246.99753171978185
379.23112728840204
-1450.27559939345
2587.3589930339813
-3139.361837838853
-5948.521355800045
-2262.0089387438165
3932.276145717502
-6440.853961122119
4651.785386464085
-5138.359960468592
-2561.7961078198337
-459.3937510994712
729.1732470579016
1820.8241620842698
1698.774542550267
711.2202926432733
-2588.69807645122
3500.187331903022
-1676.7320585878192
-1709.2903156398627
1469.9315010927196
2747.8987076029293
-2260.7687363683003
4456.305235776146
1770.2534885018829
-1743.299968671779
-48.72680500126711
3253.321214942934
4030.8862969434263
551.5580386024149
469.3597578542496
-3441.7602494676103
-2027.3856329451073
1874.2989559680684
-974.8924352573697
-377.19785960127234
3742.9105399907644
1252.1325411156943
-1568.0301271833919
-434.3699009310758
-2458.6976268149597
673.8299459466735
-418.4930224339132
-1242.512206625296
1101.65500352599
-568.657845823345
2299.1696070690473
626.7113997846839
-882.2559649517523
-874.553415702593
-2982.6319287689166
181.74286226344395
-717.3379097304395
-160.14591046680204
1899.44197480244
-1178.8752531829646
354.5502532161568
1102.8040059608184
-2200.40330084475
-123.92483787203359
778.2819032016689
-1565.2414998280385
242.72965327915543
-1222.3702270705114
-524.8101940500989
-1200.1674607133523
-182.19730180558508
-574.3686870828767
-144.0585197784989
574.060608750062
1474.4666869419923
409.3403051060134
-649.337402892903
-961.8436129007412
-1708.5373347789327
601.719356244208
-977.5483536734338
752.6673419152568
-779.9825911475057
-291.21944362962523
442.4536267316333
-558.7634171597251
-1313.2043223861558
-190.1011901196663
-62.846432657904465
196.7861154152757
-127.4681556321286
-336.6472525043752
906.8893573135515
-310.4739159318518
793.5062855239053
878.8358829271895
-194.18842237978996
325.5087899756764
-271.9552366502676
774.8280774323922
-663.8581812438056
19.267701812796503
-7.06986341415013
404.6526552546994
-445.5141383910608
-151.11072443001362
-753.1191282660297
97.96684349605141
225.9889977029812
-81.52963818200558
457.2712668055149
106.6844552167338
-75.85057234832591
422.1343393756482
-1.4138482098800178
0.7677942879408494
-0.08671541217330873
-0.00014785378960995455
0.016771679160349804
-0.1323099942011307
-0.0697307166133513
-0.0907401299639676
-0.022193848278766797
-0.10893188310148544
0.027188777015511485
-0.03934988706416262
0.007142461870614026
0.02082873339889984
-0.036455009111233595
0.016994345149754744
0.008613808068240848
-0.007490638439104097
-0.0009379782224669891
-0.03496861745528793
0.0016690759722146709
0.03155789590036867
-0.00044957692562664595
0.0020909262067889726
0.006248373468603068
0.003137455292111565
0.0045149614340444875
-0.003600568314478639
0.005074439515459282
