0.000306231913750552
0.00013582803772720445
0.0008286027792323143
45.927876413906155
0.00034966139942998374
0.00014566830401997556
0.00033195907407068535
28.368525599597934
1.5838240466935615e-17
2.9935949923640115e-15
1.1123650855164574e-15
1.000509516980941e-15
739135.4813625409
348628.0458107053
248241.10084390888
267566.52533042565
164882.41211930822
168122.14312699833
119083.65678226782
93360.54085030335
126727.75439339245
91091.5395451833
90244.66864732641
68805.89512330141
77086.42469442543
59593.45832365387
63705.119355013005
46863.58956916588
53277.98447387773
45237.345256413755
46557.54093926733
53698.67956200927
43030.10234224516
34286.97653161749
33765.14762098937
32909.14312440759
34072.369303746855
27812.982851328303
26584.486717276675
30109.078638489445
25497.108102533326
21907.426018271555
21259.344129003384
21709.412235776552
20611.297400656247
27721.76678650276
18478.375919431157
16436.671825155638
16345.152430385435
15954.218413041328
16494.465463816112
14710.790923757919
14571.583792325679
12053.059843202542
11378.298061043355
13952.090527103455
12877.466697618112
10715.92314435972
11101.905783161714
10305.18873196917
9089.110519996582
9481.531341559064
10513.94737880405
7568.772925240153
9633.025996147908
7365.393260700326
8336.446626271027
9079.433952902362
8299.277956794327
7845.174285542322
6607.947191746259
6485.909259919678
5998.820099982849
7404.503374946637
5513.932678819002
5774.423553854429
7677.001995200671
5968.250526883089
5015.0220633358795
4691.702110016479
5031.801902592246
5593.540220978683
4985.433361429773
4386.725175368261
4867.751806497653
4002.5807538166628
3803.9443482388074
4133.925467345754
3705.635792331847
3964.412729946636
3691.113436436169
3334.308856231566
3668.0093719539614
3352.263758766537
3482.6586975896907
3228.0900364256972
3436.279816833777
2961.8807022468786
2904.8237731856816
2748.0849299465426
2896.394299795618
2777.7424974880214
4337.109320263502
3251.816688069711
3829.4288826465236
3637.65796207867
3352.950410484457
4694.936579752081
3612.702297577377
3153.2329723499683
4047.56425141726
3470.143319745165
3072.7471808921364
3406.6182579788137
3717.3461336182645
2583.769107529641
3342.156425819323
2501.9106783190955
2631.910638681989
2610.025951419487
2598.3119494493485
2464.62978386484
1800.792453503077
1683.1390382605125
2609.7424894738456
1780.3424488908327
2340.7790398161765
1766.6581300422172
2712.6644029148665
2097.612106264953
1679.0324159565641
1706.1937915764363
1829.3992332189534
1823.4113319455719
1750.59207704437
1843.7939232949966
1735.3805836905506
2467.5451055602334
1680.0725854186198
1767.7029624789675
1509.8399403397975
1512.2109898849862
1412.6204508753704
1425.4337746305844
1164.676410192913
1167.826248150137
1343.6461327541847
1327.3882157910916
1202.6021039595043
1606.1137199679151
1058.7527095492133
1433.3927478755356
1263.165724307188
1169.1448454521633
953.1609246181775
1275.9300672937568
1012.4541446770488
1044.675408499381
972.1791677240784
1288.44845261858
1174.4864370167463
1051.5725774023254
973.1787495696067
1186.5617597181015
1179.715015466492
779.1530550244036
746.330635506745
875.9664384570553
923.3721969342652
758.6082872910582
846.6271140334933
918.2055594728445
648.4057970926042
780.305957248722
575.7785436953569
841.4715702812146
692.2215125676196
665.7029994791001
634.2335053218769
748.246920962962
495.68567241153534
792.6764004402401
579.7128213485581
750.2253646631881
655.6913244266852
680.2680998769771
786.5049888867704
570.3942419246254
637.7346693606155
421.78919001710045
467.9112157390698
663.9987877638592
467.78964507653
436.8077455949668
438.7021664705762
387.336715555221
542.7331377134385
317.2788136923176
348.4109773279324
393.27892677590177
498.02229106351257
467.3135998312974
343.0126174096619
452.06218258711
288.27389363312204
394.42620167022807
407.71230756761963
329.37041129310836
302.1012028947988
289.2867964053566
289.897689996931
1.8093121968140384
1.3874727567371918
0.6298285799730354
0.4871848853128387
0.2032586048228468
0.22330767491267453
0.2150905491828879
0.2423988588984236
0.14926886573852932
0.18109535464126433
0.15430792314260122
0.1624032908015922
0.12535932680598758
0.06298218958359848
0.08587683503745945
0.09037031473772388
0.034210032114346076
0.06421237893931554
0.05572405736205621
0.06659192115370545
0.057569012694750635
0.03610841699791413
0.03372928420967744
0.019693896498031528
0.020523418833249884
0.017218882801420535
0.017899086218597433
0.017122260734822033
0.010687683209323817
